   0   0 255 255
   0   2 255 255
   0   5 255 255
   0   8 255 255
   0  10 255 255
   0  13 255 255
   0  16 255 255
   0  18 255 255
   0  21 255 255
   0  24 255 255
   0  26 255 255
   0  29 255 255
   0  32 255 255
   0  34 255 255
   0  37 255 255
   0  40 255 255
   0  42 255 255
   0  45 255 255
   0  48 255 255
   0  50 255 255
   0  53 255 255
   0  56 255 255
   0  58 255 255
   0  61 255 255
   0  64 255 255
   0  66 255 255
   0  69 255 255
   0  72 255 255
   0  74 255 255
   0  77 255 255
   0  80 255 255
   0  82 255 255
   0  85 255 255
   0  88 255 255
   0  90 255 255
   0  93 255 255
   0  96 255 255
   0  98 255 255
   0 101 255 255
   0 104 255 255
   0 106 255 255
   0 109 255 255
   0 112 255 255
   0 114 255 255
   0 117 255 255
   0 119 255 255
   0 122 255 255
   0 124 255 255
   0 127 255 255
   0 129 255 255
   0 132 255 255
   0 134 255 255
   0 137 255 255
   0 139 255 255
   0 142 255 255
   0 144 255 255
   0 147 255 255
   0 150 255 255
   0 152 255 255
   0 155 255 255
   0 157 255 255
   0 160 255 255
   0 162 255 255
   0 165 255 255
   0 167 255 255
   0 170 255 255
   0 172 255 255
   0 175 255 255
   0 177 255 255
   0 180 255 255
   0 182 255 255
   0 185 255 255
   0 188 255 255
   0 190 255 255
   0 193 255 255
   0 195 255 255
   0 198 255 255
   0 200 255 255
   0 203 255 255
   0 205 255 255
   0 208 255 255
   0 210 255 255
   0 213 255 255
   0 215 255 255
   0 218 255 255
   0 221 255 255
   6 221 254 255
  12 221 253 255
  18 222 252 255
  24 222 251 255
  30 222 250 255
  36 223 249 255
  42 223 248 255
  48 224 247 255
  54 224 246 255
  60 224 245 255
  66 225 245 255
  72 225 244 255
  78 225 243 255
  85 226 242 255
  91 226 241 255
  97 227 240 255
 103 227 239 255
 109 227 238 255
 115 228 237 255
 121 228 236 255
 127 229 236 255
 133 229 235 255
 139 229 234 255
 145 230 233 255
 151 230 232 255
 157 230 231 255
 163 231 230 255
 170 231 229 255
 176 232 228 255
 182 232 227 255
 188 232 226 255
 194 233 226 255
 200 233 225 255
 206 233 224 255
 212 234 223 255
 218 234 222 255
 224 235 221 255
 230 235 220 255
 236 235 219 255
 242 236 218 255
 248 236 217 255
 255 237 217 255
 255 235 211 255
 255 234 206 255
 255 233 201 255
 255 231 196 255
 255 230 191 255
 255 229 186 255
 255 227 181 255
 255 226 176 255
 255 225 171 255
 255 223 166 255
 255 222 161 255
 255 221 156 255
 255 219 151 255
 255 218 146 255
 255 217 141 255
 255 215 136 255
 255 214 131 255
 255 213 126 255
 255 211 121 255
 255 210 116 255
 255 209 111 255
 255 207 105 255
 255 206 100 255
 255 205  95 255
 255 203  90 255
 255 202  85 255
 255 201  80 255
 255 199  75 255
 255 198  70 255
 255 197  65 255
 255 195  60 255
 255 194  55 255
 255 193  50 255
 255 191  45 255
 255 190  40 255
 255 189  35 255
 255 187  30 255
 255 186  25 255
 255 185  20 255
 255 183  15 255
 255 182  10 255
 255 181   5 255
 255 180   0 255
 255 177   0 255
 255 175   0 255
 255 172   0 255
 255 170   0 255
 255 167   0 255
 255 165   0 255
 255 162   0 255
 255 160   0 255
 255 157   0 255
 255 155   0 255
 255 152   0 255
 255 150   0 255
 255 147   0 255
 255 145   0 255
 255 142   0 255
 255 140   0 255
 255 137   0 255
 255 135   0 255
 255 132   0 255
 255 130   0 255
 255 127   0 255
 255 125   0 255
 255 122   0 255
 255 120   0 255
 255 117   0 255
 255 115   0 255
 255 112   0 255
 255 110   0 255
 255 107   0 255
 255 105   0 255
 255 102   0 255
 255 100   0 255
 255  97   0 255
 255  95   0 255
 255  92   0 255
 255  90   0 255
 255  87   0 255
 255  85   0 255
 255  82   0 255
 255  80   0 255
 255  77   0 255
 255  75   0 255
 251  73   0 255
 247  71   0 255
 244  69   0 255
 240  68   0 255
 236  66   0 255
 233  64   0 255
 229  62   0 255
 226  61   0 255
 222  59   0 255
 218  57   0 255
 215  55   0 255
 211  54   0 255
 208  52   0 255
 204  50   0 255
 200  48   0 255
 197  47   0 255
 193  45   0 255
 190  43   0 255
 186  41   0 255
 182  40   0 255
 179  38   0 255
 175  36   0 255
 172  34   0 255
 168  33   0 255
 164  31   0 255
 161  29   0 255
 157  27   0 255
 154  26   0 255
 150  24   0 255
 146  22   0 255
 143  20   0 255
 139  19   0 255
 136  17   0 255
 132  15   0 255
 128  13   0 255
 125  12   0 255
 121  10   0 255
 118   8   0 255
 114   6   0 255
 110   5   0 255
 107   3   0 255
 103   1   0 255
 100   0   0 255